0 - 48 
1 - 35 
2 - 32 
3 - 49 
4 - 41 
5 - 42 
6 - 35 
7 - 37 
8 - 39 
9 - 33 
10 - 40 
11 - 42 
12 - 38 
13 - 39 
14 - 36 
15 - 43 
16 - 47 
17 - 38 
18 - 50 
19 - 44 
20 - 50 
21 - 32 
22 - 36 
23 - 34 
24 - 37 
25 - 34 
26 - 33 
27 - 40 
28 - 46 
29 - 45 
30 - 45 
31 - 41 
32 - 21 2 47 
33 - 9 26 44 
34 - 25 23 55 
35 - 1 6 46 
36 - 14 22 49 
37 - 24 7 53 
38 - 17 12 48 
39 - 8 13 52 
40 - 27 10 53 
41 - 4 31 61 
42 - 11 5 43 
43 - 42 15 54 
44 - 33 19 55 
45 - 30 29 56 
46 - 35 28 51 
47 - 16 32 57 
48 - 0 38 56 
49 - 36 3 51 
50 - 20 18 52 
51 - 46 49 61 
52 - 39 50 54 
53 - 40 37 58 
54 - 43 52 58 
55 - 34 44 59 
56 - 48 45 57 
57 - 47 56 60 
58 - 54 53 59 
59 - 58 55 60 
60 - 59 57 61 
61 - 60 51 41 
